[5 1 2 2 7 5 2 8 2 5 54 7 8 8  1 2 4 2 1 9 5 2 7 7 2 2 5 1 1 7 1 8 9 5 9 1
 1 3 8 1 3 5 4 1 9 1 8 6 7 5 7 5 1 7 8 4 9 1 8 2 1 9 2 2 5 8 5 5 3 2 9 1 4
 1 8 1 5 2 6 4 4 5 6 5 2 5 8 1 1 1 8 4 1 5 5 6 1 7 8 6 3 7 3 7 6 1 1 2 1 1
 2 6 5 5 5 2 3 5 1 2 2 6 6 1 2 5 8 7 7 4 3 1 5 5 1 6 5 1 8 1 5 1 7 2 7 9 6
 1 2 5 5 2 8 5 7 1 7 1 5 2 7 3 1 1 1 6 5 5 1 5 3 8 1 1 1 1 5 1 3 5 4 5 2 8
 2 1 3 3 1 8 1 1 8 8 8 6 2 5 5 8 3 2 7 2 1 6 1 5 1 5 3 2 9 5 5 2 5 5 2 1 2
 3 5 5 5 6 5 1 5 2 8 1 8 2 3 8 8 3 3 1 5 2 4 7 3 2 3 5 5 5 6 4 1 5 1 2 5 5
 2 5 1 3 1 1 5 2 5 7 6 2 2 5 2 6 2 8 8 2 3 1 8 1 3 1 5 1 3 6 2 4 3 5 8 8 5
 8 5 1 5]
predict   1   2   3   4   5   6   7   8  9
labels
1        43   0   1   0   0   0   0   1  0
2         0  41   0   0   0   1   0   0  1
3         1   1  21   0   0   0   0   1  0
4         0   0   0  11   0   0   0   0  0
5         1   4   1   0  64   0   0   1  0
6         7   0   1   0   3  12   1   3  0
7         3   0   0   1   0   4  20   2  0
8         5   1   0   0   0   2   0  25  0
9         6   0   1   1   0   0   0   0  8
总用时：3942.8678109645844

predict   1   2   3  4   5   6   7   8  9
labels
1        43   0   1  0   0   0   0   1  0
2         0  41   0  0   1   0   1   0  0
3         0   0  22  1   0   0   0   1  0
4         0   0   3  8   0   0   0   0  0
5         0   5   1  0  63   1   0   1  0
6         7   2   0  0   2  12   1   3  0
7         5   1   0  1   2   2  16   3  0
8         3   1   1  0   0   0   0  28  0
9         9   0   1  2   0   2   0   0  2

predict   1   2   3   4   5   6   7   8  9
labels
1        43   0   2   0   0   0   0   0  0
2         0  42   0   0   0   0   1   0  0
3         1   0  21   1   1   0   0   0  0
4         0   0   1  10   0   0   0   0  0
5         0   4   1   0  65   1   0   0  0
6         7   0   0   0   2  11   2   4  1
7         4   0   0   1   2   2  18   3  0
8         5   1   1   0   0   0   0  26  0
9         7   0   1   1   0   0   1   0  6
总用时：11740.30444931984
Total File Number:  300.0
F11:  0.7678571428571429
F12:  0.9787234042553191
F13:  0.8461538461538461
F14:  0.88
F15:  0.9640287769784173
F16:  0.631578947368421
F17:  0.7450980392156863
F18:  0.835820895522388
F19:  0.5454545454545454
F1:  0.7994128442006407
Faf:  0.9787234042553191
Fblock:  0.9259259259259259
Fpc:  0.6966292134831461
Fst:  0.7640449438202247


predict   1   2   3   4   5   6   7   8  9
labels
1        41   0   1   0   0   1   0   1  1
2         0  41   0   0   2   0   0   0  0
3         0   0  20   1   1   0   0   1  1
4         0   0   0  11   0   0   0   0  0
5         0   4   1   0  64   2   0   0  0
6         5   1   0   0   3  13   1   4  0
7         3   0   0   1   1   2  21   2  0
8         5   2   0   0   0   1   0  25  0
9         6   0   1   1   0   0   0   0  8
总用时：11684.245324850082


# 不参与训练的 双路神经网络 测试集合样本
[5 7 2 2 7 5 6 8 2 5 4 7 8 6 5 5 2 3 2 5 1 5 6 7 7 5 5 5 1 5 6 9 8 5 5 6 1
 1 3 8 5 5 5 3 7 6 6 8 6 7 5 7 5 1 7 8 4 9 1 8 2 6 9 2 2 5 8 5 5 3 6 9 1 3
 1 8 5 5 5 6 4 4 5 7 5 2 5 7 1 1 6 8 3 1 5 5 6 5 7 8 6 3 7 3 7 3 1 6 5 1 8
 5 6 5 6 5 2 3 5 7 2 2 7 5 5 2 5 8 7 7 4 3 1 5 5 6 5 5 9 8 1 5 1 7 5 7 5 7
 1 2 5 5 2 8 5 7 1 7 5 5 5 7 5 1 1 6 6 5 5 1 5 3 8 1 1 1 1 5 6 5 5 7 5 2 8
 2 6 3 5 5 8 1 1 8 8 8 6 6 5 5 8 7 2 7 7 1 7 1 5 5 5 3 8 5 5 5 2 6 5 2 1 8
 3 5 5 5 7 5 3 5 2 8 5 8 7 3 6 3 3 6 6 5 6 7 5 3 5 3 5 5 5 7 4 5 5 5 2 5 5
 2 5 1 3 7 1 5 3 5 5 5 2 2 5 5 6 6 5 6 2 3 5 8 1 5 1 5 1 3 6 2 4 5 5 5 6 5
 8 5 5 5]
record number:  300
predict   1   2   3  4   5   6   7   8  9
labels
1        28   0   1  0  11   2   2   1  0
2         0  27   1  0   6   6   2   1  0
3         1   0  18  0   3   2   0   0  0
4         0   0   3  7   0   0   1   0  0
5         0   0   0  0  70   1   0   0  0
6         1   0   0  0   6  16   3   1  0
7         0   0   0  0   4   2  24   0  0
8         2   0   1  0   1   3   1  25  0
9         3   0   1  0   4   2   1   0  5
all time：727.8300609588623
Total File Number:  300.0
F11:  0.7
F12:  0.782608695652174
F13:  0.7346938775510204
F14:  0.7777777777777778
F15:  0.8202247191011236
F16:  0.576271186440678
F17:  0.7692307692307693
F18:  0.819672131147541
F19:  0.47619047619047616
F1:  0.7174077370101732
Faf:  0.782608695652174
Fblock:  0.8
Fpc:  0.6774193548387096
Fst:  0.7317073170731707

# 不参与训练的 单路神经网络 测试集合样本
[5 1 2 2 7 5 6 8 6 5 4 7 8 8 5 1 2 4 2 1 9 5 2 7 6 2 5 5 1 1 7 9 8 9 5 9 1
 1 3 8 1 5 5 4 7 6 6 8 6 7 5 7 5 1 6 8 4 8 1 8 2 6 9 2 2 5 8 5 5 3 6 9 1 4
 1 8 8 5 2 6 4 4 5 6 5 2 5 8 1 1 6 8 4 1 5 5 6 5 7 8 6 3 7 3 7 6 1 6 5 1 1
 2 6 5 6 5 2 3 5 1 2 2 7 6 1 2 5 8 7 7 4 3 1 5 5 6 6 5 1 8 1 5 1 7 2 7 9 8
 1 2 5 5 2 8 5 7 1 7 1 5 5 7 3 1 1 1 6 5 5 1 5 3 1 1 1 1 1 5 1 3 5 4 5 2 8
 2 1 3 3 6 8 1 1 8 8 8 6 2 5 5 8 7 2 7 2 1 7 6 5 1 5 3 2 6 5 5 2 6 5 2 1 2
 3 5 5 5 6 5 8 5 2 8 1 8 2 3 8 6 3 3 1 5 2 4 7 3 2 3 5 5 5 7 4 1 5 1 2 5 5
 2 5 3 3 1 1 5 2 5 8 6 2 2 5 6 6 2 8 8 2 3 1 8 9 3 1 5 1 3 6 2 4 3 5 5 8 5
 8 5 6 6]
record number:  300
predict   1   2   3   4   5   6   7   8  9
labels
1        40   0   1   0   0   2   0   1  1
2         0  36   0   0   1   6   0   0  0
3         0   1  21   0   1   1   0   0  0
4         0   0   0  11   0   0   0   0  0
5         0   2   1   0  66   2   0   0  0
6         1   0   0   0   2  20   1   3  0
7         2   0   0   1   0   2  22   3  0
8         4   1   0   0   0   1   0  27  0
9         5   0   1   1   0   1   0   1  7
all time：371.0985105037689

Total File Number:  300.0
F11:  0.8247422680412371
F12:  0.9176470588235294
F13:  0.8979591836734694
F14:  0.96
F15:  0.9857142857142858
F16:  0.7333333333333333
F17:  0.8846153846153846
F18:  0.8405797101449275
F19:  0.6086956521739131
F1:  0.8503652085022311
Faf:  0.9176470588235294
Fblock:  0.9626168224299065
Fpc:  0.8035714285714286
Fst:  0.782608695652174


# 单路500个不参与训练的 测试集
Total File Number:  500.0
F11:  0.7191011235955056
F12:  0.9411764705882353
F13:  0.8809523809523809
F14:  0.8823529411764706
F15:  0.9420849420849421
F16:  0.7012987012987013
F17:  0.8409090909090909
F18:  0.6206896551724138
F19:  0.7
F1:  0.8031739228641934
Faf:  0.9411764705882353
Fblock:  0.9230769230769231
Fpc:  0.7757575757575758
Fst:  0.6456692913385826

# 双路500个不参与训练的 测试集
[5 1 2 2 7 5 6 8 2 5 4 7 8 6 5 1 2 4 2 1 9 5 3 7 7 2 5 5 1 1 7 9 8 9 5 9 1
 1 3 8 1 3 5 4 7 9 7 8 6 7 5 7 5 1 6 8 4 9 1 8 2 1 9 2 2 5 8 5 5 3 6 9 1 4
 1 8 8 5 5 6 4 4 5 8 5 2 5 7 1 1 6 8 4 1 5 5 6 5 7 8 6 3 7 3 7 8 1 6 5 1 8
 2 6 5 6 5 2 3 5 1 2 2 7 6 1 2 5 8 7 7 4 3 1 5 5 7 7 5 9 8 1 5 1 7 2 7 9 8
 1 2 5 5 2 8 5 7 1 7 7 5 5 7 3 1 1 7 6 5 5 1 5 3 8 9 1 1 1 5 9 3 5 7 5 2 8
 2 7 3 3 7 8 1 1 8 8 8 6 2 5 5 8 7 2 7 2 1 7 8 5 1 5 3 2 8 5 5 2 5 5 2 1 2
 3 5 5 5 7 5 8 5 2 8 1 8 2 3 8 8 3 3 7 5 4 4 7 3 2 3 5 5 5 7 4 1 5 1 2 5 5
 2 5 3 3 1 1 5 2 5 8 6 2 2 5 2 5 2 5 8 2 3 1 8 9 3 1 5 1 3 6 2 4 3 5 5 8 5
 8 5 7 5 8 5 3 6 1 2 8 5 5 7 5 1 5 5 1 5 2 8 6 8 5 5 6 5 3 5 8 3 7 1 2 1 3
 5 8 1 3 5 5 8 8 3 8 8 5 6 6 1 7 5 2 5 5 5 8 5 1 2 8 5 3 3 6 5 5 3 4 8 6 2
 1 5 3 5 2 2 8 7 5 7 8 5 2 5 5 3 7 2 6 2 3 2 9 6 7 5 8 4 6 8 4 3 8 8 3 2 5
 8 3 5 5 5 5 5 2 3 3 5 1 8 2 5 5 2 3 9 5 3 1 8 8 8 5 3 2 5 4 2 8 7 5 2 5 8
 5 5 4 8 8 5 5 7 1 7 8 2 5 7 7 5 7 7 6 2 7 5 5 2 1 2 2 8 3 5 7 1 5 5 5 1 1
 1 2 5 5 7 5 8 5 5 2 5 3 5 2 6 1 5 5 6]
record number:  500
predict   1   2   3   4    5   6   7   8   9
labels
1        53   0   1   0    1   0   4   7   3
2         0  63   2   0    9   4   0   1   0
3         1   0  41   2    0   0   0   1   0
4         0   0   0  15    0   0   0   0   0
5         0   1   2   0  120   0   1   0   0
6         2   0   0   0    6  25  10   4   0
7         0   1   0   0    2   0  37   4   0
8         2   1   0   0    1   1   1  52   0
9         4   0   2   1    0   0   0   0  12
all time：903.3922762870789
Total File Number:  500.0
F11:  0.8091603053435115
F12:  0.8904109589041096
F13:  0.8936170212765957
F14:  0.9090909090909091
F15:  0.9283018867924528
F16:  0.684931506849315
F17:  0.7755102040816326
F18:  0.8346456692913385
F19:  0.7272727272727273
F1:  0.8281045765447326
Faf:  0.8904109589041096
Fblock:  0.9183673469387755
Fpc:  0.7368421052631579
Fst:  0.8125


# 归一化数据之后 双路测试集前500 不参与训练
[5 1 2 2 7 5 9 8 2 5 4 7 8 6 5 1 2 4 2 1 9 5 2 7 7 2 5 5 1 1 7 9 8 9 5 9 1
 1 3 8 1 3 5 4 7 9 1 8 6 7 5 7 5 1 6 8 4 9 1 8 2 1 9 2 2 5 8 5 5 3 6 9 1 4
 1 1 1 5 2 6 4 4 5 7 5 2 5 7 1 1 6 8 4 1 5 5 6 5 7 8 6 3 7 3 7 6 1 6 5 1 1
 2 6 5 5 5 2 3 5 9 2 2 7 6 1 2 5 8 7 7 4 3 1 5 5 6 7 5 9 8 1 5 1 7 2 7 9 8
 1 2 5 5 2 8 5 7 1 7 1 5 5 7 3 1 8 7 6 5 5 1 5 3 1 9 1 1 1 5 9 3 5 7 5 2 8
 2 1 3 3 1 8 1 1 8 8 8 6 6 5 5 8 7 2 7 2 1 7 1 5 1 5 3 2 7 5 5 2 6 5 2 1 2
 3 5 5 5 7 5 1 5 2 1 1 8 2 3 8 1 3 7 7 5 7 4 7 3 2 3 5 5 5 7 4 1 5 9 2 5 5
 2 5 3 3 1 1 5 2 5 7 6 2 2 5 2 9 2 5 7 2 3 1 8 1 3 1 5 1 3 6 2 4 3 6 5 8 5
 8 5 6 5 1 5 3 6 1 2 8 5 5 7 5 1 5 5 1 2 2 8 6 7 5 5 6 5 3 5 8 3 7 1 2 1 3
 5 1 1 5 5 5 8 8 3 8 1 5 9 6 1 7 5 2 5 6 5 8 5 1 2 8 5 9 1 6 5 5 3 4 8 6 2
 1 5 3 5 7 2 6 7 5 7 1 5 2 5 5 3 1 7 6 2 3 2 9 6 8 5 8 4 6 8 4 3 8 8 6 2 5
 8 3 5 5 2 5 5 2 3 3 5 1 8 2 5 5 2 3 9 5 3 1 8 7 8 5 3 2 5 1 2 8 7 5 2 5 8
 5 2 4 8 8 5 5 7 1 7 1 2 5 6 7 5 7 7 7 2 7 5 5 2 1 2 2 8 3 5 7 1 5 5 5 1 1
 1 2 5 5 7 5 1 5 5 2 5 3 5 2 6 1 2 5 7]
record number:  500
predict   1   2   3   4    5   6   7   8   9
labels
1        61   0   1   0    1   0   1   3   2
2         0  66   0   0    5   5   2   0   1
3         4   0  39   0    0   0   2   0   0
4         0   0   0  15    0   0   0   0   0
5         0   2   1   0  118   2   1   0   0
6         4   0   0   0    5  25   8   3   2
7         1   0   0   0    2   1  40   0   0
8         9   1   0   0    1   2   2  43   0
9         2   0   1   1    0   0   0   0  15
all time：841.3649871349335


# 双路120epochs 500单独测试
[9 1 2 2 7 5 6 8 2 5 4 7 8 6 5 1 5 4 2 1 9 5 2 7 7 5 5 5 1 1 7 9 8 9 5 9 1
 1 3 8 1 5 5 7 7 9 1 8 6 7 5 7 5 9 6 8 4 9 1 8 2 9 9 2 2 5 8 5 5 3 6 9 1 4
 1 1 1 5 5 6 4 4 5 7 5 2 5 7 1 1 1 8 9 1 5 5 6 5 7 8 6 3 7 3 7 6 1 6 5 1 8
 2 6 5 6 5 2 3 5 9 2 2 7 6 1 2 5 8 7 7 4 3 1 5 5 6 6 5 9 8 1 5 1 7 2 7 9 8
 1 2 5 5 2 8 5 7 1 7 1 5 5 7 5 1 1 1 6 5 5 1 5 3 1 9 1 1 1 5 1 5 5 7 5 2 8
 7 1 3 1 1 8 1 1 8 8 8 6 6 5 5 8 7 2 7 2 1 7 1 5 1 5 3 2 5 5 5 2 6 5 2 1 2
 1 6 5 5 6 5 1 5 2 8 1 8 2 3 6 6 3 3 1 5 6 4 7 3 2 3 5 5 5 7 4 1 5 9 2 5 5
 2 5 1 3 1 1 5 2 5 8 6 2 2 5 2 9 6 5 8 2 3 1 8 1 3 1 5 1 3 6 2 4 3 5 5 6 5
 8 5 6 6 1 5 3 6 1 6 8 5 5 7 5 1 6 5 1 2 2 8 6 7 5 5 6 5 3 5 8 3 7 1 2 1 3
 5 1 1 5 5 5 8 8 3 8 1 5 6 6 1 5 5 2 5 6 5 8 5 1 2 8 5 9 1 6 5 1 3 4 1 6 2
 1 5 3 5 2 2 8 7 5 7 8 5 2 5 5 3 1 7 6 2 3 2 9 6 1 5 8 4 6 8 4 3 8 8 6 2 5
 8 3 5 5 5 5 5 2 3 3 5 1 8 2 5 5 2 3 9 5 3 1 8 8 8 5 3 2 5 1 2 7 7 5 2 5 8
 5 2 4 1 8 5 5 7 1 7 6 2 5 1 7 5 6 7 6 5 6 5 5 2 1 2 2 8 3 5 7 1 5 5 5 1 1
 1 2 5 5 6 5 8 5 5 2 5 3 5 2 6 1 6 5 6]
record number:  500
predict   1   2   3   4    5   6   7   8   9
labels
1        67   0   0   0    0   0   0   1   1
2         0  59   0   0   10   9   1   0   0
3         5   0  37   0    1   2   0   0   0
4         0   0   0  14    0   0   1   0   0
5         0   1   0   0  120   2   0   0   1
6         4   0   0   0    2  37   1   1   2
7         2   0   0   0    2   0  37   3   0
8         7   1   0   0    1   2   2  45   0
9         1   0   0   0    1   0   0   0  17
all time：2483.395908355713
Total File Number:  500.0
F11:  0.864516129032258
F12:  0.8652482269503546
F13:  0.9024390243902439
F14:  0.9655172413793104
F15:  0.9384615384615385
F16:  0.7878787878787878
F17:  0.8735632183908046
F18:  0.8411214953271028
F19:  0.85
F1:  0.8765272957567113
Faf:  0.8652482269503546
Fblock:  0.9326145552560647
Fpc:  0.8279569892473119
Fst:  0.8435374149659864


# 加入LSTM后的双路 500测试不训练
[5 1 2 2 7 5 6 8 2 5 4 7 8 6 5 1 2 4 2 1 1 5 2 7 6 2 5 5 1 1 7 9 8 9 5 3 1
 1 3 8 1 5 5 3 7 6 1 8 6 7 5 7 5 1 6 8 4 1 1 8 2 6 9 2 2 5 8 5 5 3 2 9 1 4
 1 1 1 5 2 6 4 4 5 6 5 2 5 7 1 1 6 8 9 1 5 5 6 5 7 8 2 3 7 3 7 6 1 6 2 1 8
 2 6 5 6 5 2 3 5 1 2 2 6 6 1 2 5 8 7 7 4 3 1 5 5 1 6 5 9 8 1 5 1 7 2 7 9 8
 1 2 5 5 2 8 5 7 1 7 1 5 5 7 3 1 1 1 6 5 5 1 5 3 1 1 1 1 1 5 1 3 5 7 5 2 8
 2 1 3 1 1 8 1 1 8 8 8 6 2 5 5 8 7 2 7 2 1 7 1 5 1 5 3 2 7 5 5 2 5 5 2 1 2
 3 5 5 5 7 5 1 5 2 8 1 8 2 3 8 1 3 3 1 5 3 4 7 3 2 3 5 5 5 7 4 1 5 1 2 5 5
 2 5 3 3 1 1 5 2 5 7 6 2 2 5 2 6 2 8 8 2 3 1 8 1 3 1 5 1 3 6 2 4 3 5 5 8 5
 8 5 1 5 8 5 3 6 1 2 8 5 5 7 5 1 6 5 1 2 2 8 6 8 5 5 6 5 3 5 1 3 7 1 2 1 3
 5 1 1 5 5 5 8 8 3 8 1 5 6 6 1 5 5 2 5 6 5 8 5 1 8 8 5 3 3 6 5 1 3 4 8 6 2
 1 5 3 2 2 2 7 7 5 7 8 5 2 2 5 3 1 7 6 2 3 2 1 6 1 5 8 4 6 1 4 3 8 8 2 2 5
 8 3 5 5 2 5 5 2 3 3 5 1 8 2 5 5 2 3 9 5 3 1 8 8 8 5 3 2 5 3 2 8 7 5 2 5 8
 5 2 4 8 8 5 5 7 1 7 1 2 5 6 7 5 6 7 6 5 6 5 5 2 1 2 2 8 3 5 7 1 5 2 5 1 1
 1 2 2 5 6 5 1 5 5 2 5 3 5 2 6 1 2 5 6]
record number:  500
predict   1   2   3   4    5   6   7   8  9
labels
1        67   0   0   0    0   0   0   1  1
2         0  74   0   0    1   2   1   1  0
3         2   0  42   0    1   0   0   0  0
4         0   0   1  14    0   0   0   0  0
5         0   2   1   0  121   0   0   0  0
6         5   0   0   0    3  34   2   3  0
7         2   0   0   0    1   3  36   2  0
8         7   1   0   0    1   2   0  47  0
9         8   0   3   0    0   1   0   0  7
all time：1804.109160900116
Total File Number:  500.0
F11:  0.8375
F12:  0.9685534591194969
F13:  0.9247311827956989
F14:  0.9655172413793104
F15:  0.9761904761904762
F16:  0.8
F17:  0.891566265060241
F18:  0.8672566371681416
F19:  0.5384615384615384
F1:  0.8633085333527669
Faf:  0.9685534591194969
Fblock:  0.9625668449197861
Fpc:  0.8452380952380952
Fst:  0.8057553956834532